10001011
11101000
11000001
10000000
11100110
11110010
10000000
01111111
00011100
10000000
10000000
00101011
10001011
00100011
01111111
01111111
10110011
10000000
10000000
11100110
00101110
01111111
00011000
10000000
10000000
11011011
00000110
01111111
01111111
01111111
01111111
00000111
11100000
01111111
01111111
01111111
01011101
10000000
10000000
01110111
01111111
01111111
01111111
00100111
01001110
01111111
00111110
10000000
01001000
01111111
10111100
10000000
01100100
00000010
10000000
01111111
01111101
11100110
00100100
00011001
10000000
11101001
01111111
11011101
10000000
01111111
00100110
00001110
01110110
10000000
10000000
01111111
00010010
01010011
01111111
00010001
10000000
10100111
00001010
10000000
00101101
11011100
00111000
01111111
01111111
01111111
01001011
10000000
10000000
10000000
10010110
01111111
01111111
00111010
01010100
11000001
10000000
11011110
01111111
10000011
11000000
01111111
10000000
10000000
10000000
01111111
00000010
10000000
11001011
10000000
00111111
01111111
01111111
01111111
00101011
10000000
10000000
11101101
01111111
01111111
01111111
10000000
10000000
10000000
10010101
00100011
01110010
10000000
10010001
01111111
01111111
01111111
11001101
10000000
10000000
01111111
01111111
01111111
01111111
01111111
01000000
10000000
10000000
10000000
10001100
00001001
00000010
11001010
01111111
00110010
01111111
11011000
11010111
01111111
01111111
00110100
01111111
11111001
10000000
10000000
10111011
01111110
10000000
01001101
01100000
10000000
10000000
10110100
10000000
10000000
10000000
11011001
01111111
01111010
10000000
00011111
11011011
10000000
10000000
11110110
11000010
10000000
10111110
10000000
10000000
11100101
01100111
11111111
01111111
01111111
01111111
00111110
00011011
10000000
10111011
01111111
00110110
10000000
11001100
00100010
01111111
01111111
01111111
01111111
00001111
00000110
01111011
01001011
10000000
00011001
01111111
00011100
10000101
10000000
10000000
10000000
10000000
10000000
10000000
10000000
10000000
00010101
01001111
01110011
00010111
10001100
00010000
10010111
10101110
01111111
01111111
10111011
10000000
10000000
10000000
10000000
10000010
01100011
01111111
00111101
01010011
01111111
01100101
10001010
11111001
01111111
01111111
01111111
10001010
10000000
00010010
01111111
01101110
01111111
01111111
01111111
00011011
11001111
00010101
01111011
11110111
10000000
10000000
01111100
10000000
10000000
01000101
01010001
01111111
11001101
10000000
10000000
10000000
00010100
01001100
11101000
01111111
01111111
01111111
11100010
00101010
01000110
11000100
11101110
10000000
10000000
10000000
10110001
01111111
10000000
10000000
11010101
01111111
01111111
01000001
11000010
10010111
10000000
10000000
10000000
10000000
10000000
10100100
11110110
10101100
10001100
10111100
10000000
11000000
10000000
00010111
01100101
11110101
00100010
11011110
00101001
00000100
11010111
10010111
01111111
00010101
11100100
11010011
10000000
00101100
00100100
11010001
01111111
01001101
10000000
10011011
11111100
01111111
00010010
10000000
10000000
10000000
10000000
11010001
00001101
10000000
00100100
11111110
10000000
10000000
00101100
01111111
10110001
10111011
01111111
01110110
01111111
01100110
11111001
10011000
10100110
00010010
01111111
11110111
11111000
01111111
01001001
11011000
00010001
01101111
01111111
11110100
10000000
00101000
00111010
01000010
01111111
01111111
01111111
01111111
11011111
10000000
10000000
10000000
10000000
11001100
10101101
01111111
01111111
01111111
01111010
10001010
11010100
11001010
11010001
01111111
00100010
01011110
01111111
01000111
00000111
01111111
01111111
01111111
01111111
01111111
01111111
01000110
01000101
00011001
10000000
01101100
01111111
01111111
11101011
10001100
10000000
11000010
11000111
10000000
11000100
01111001
01010101
01111111
01111111
01111111
11101011
10000000
00001000
01111111
10101110
10000000
10000000
01101001
01111111
11000111
10000000
01111111
10111101
10000000
11010000
01111111
11101010
00010010
11100111
10000000
01111111
01111111
01111111
10000000
10000000
10000000
10000000
10101110
10111001
10000000
10001001
01111111
01111111
00100111
11010110
10101000
11100110
10000000
10000000
01011111
01001100
10000000
00001100
01111111
00011000
10000000
10000000
00111011
01111111
01111011
10101111
01111011
01010001
11110011
01111111
11110010
10000000
10011111
01111111
01111010
01111111
11010000
10000101
01111111
11111010
01111111
01111111
00101001
10000000
10000000
10101110
01111111
10111101
10001000
10000000
10000000
01010011
01111111
10110011
10000000
10000000
11000100
01111111
11110111
10000000
10000000
11001100
10000000
10000000
10000000
10000000
00011110
10101111
00010010
01111111
10000010
10000000
10000000
11110101
01111111
01101011
11001010
10011110
10000000
10000000
10000000
10000000
11000101
10000000
10000000
00111010
10011001
11000110
00111011
11100110
10110000
01111111
01000110
11110101
01111111
01111111
01011010
10010000
10000000
00011010
01111111
00001000
11101101
11110000
10000000
10000000
10000000
11001010
01111111
00010100
10000000
10000000
11011011
01111111
10000110
10000000
11001000
11010100
10000000
11001100
11110111
10000000
10011001
01111111
00000000
11001111
10100111
10000000
10000000
10000000
00100100
11010000
10111000
11001001
10000000
10000000
00111101
11011101
10000000
10000000
10000000
00000001
00010111
10000000
00000111
01111111
11001101
10000000
10000000
11011111
01111111
11001001
10000000
10000000
10000000
10000000
10000000
10000000
10000000
01111111
00111001
10100111
10100111
10101011
10000000
10000000
10000011
10000000
10000000
11111101
11010000
11111100
01111111
00011100
00101001
01111111
01111111
01111111
10010001
10111001
11111110
10000000
10110100
00011101
10000000
11010100
01111111
01111111
10010011
10000000
10000000
01111111
00110100
10101101
01101001
01111111
10001001
10000000
00001011
01111111
10000000
10100100
00101110
10000000
10000000
10000000
01111111
01010100
10000000
10000000
10000000
10000000
10000000
01000011
01111111
11001011
10100101
00111111
01001100
01111111
01111111
01111111
01111111
00001111
10000000
10000000
11011011
10000000
10000000
01111111
01111111
01111111
10000000
11101100
01111111
01111111
00010001
11011011
01111111
01111111
01111111
01111111
11101101
10000000
11001100
11000110
10000100
10000000
01000100
01111111
00000000
10000000
01111111
01111111
01101010
01111111
01111111
01111111
01011000
10000000
10000000
00000000
11111011
10000000
10000000
10000000
11111001
01111111
10000100
00000101
10100100
10000000
10000000
11111000
10010101
01111111
11110010
11011001
00101000
00100101
01111111
00100100
10000000
10100010
01111111
11000010
10000000
00001111
10111111
10000000
01111111
00111000
11110110
01100010
10000000
10000000
11100011
01100101
01111111
01111111
00001101
01101000
01111111
01111111
01110100
10000000
00001110
01111111
11010000
10000000
00110000
11110011
00000011
01111111
01111111
01111111
01111111
01111111
01111111
11101011
10000000
10111011
00000000
10000000
10000000
10000000
10100011
01111000
10000000
10101001
00000110
11101111
01111111
11110001
10000000
10011101
01111111
01101111
10000000
10000000
10000000
01111111
11011011
10000000
10000000
01111111
01111111
01111111
01111111
01101101
11110001
00111100
01111111
00111011
00101010
01111111
01111111
01111111
10000000
10110110
01111111
01111111
01111111
01111111
01111111
01111111
11100011
10000000
10000000
10000000
10000000
10000000
01111111
01111111
00101100
01000101
11001110
10000000
10000000
11110100
10000000
10010001
01100101
10000000
10000000
10000000
00001011
00001110
00011011
01111111
01111111
00000011
10000000
10000000
10000000
10000000
01011100
10000000
11000010
01111111
01111111
01001001
01011000
11000001
10000000
01111111
00011001
10110010
10111100
10000000
10000000
10000000
10000000
10000000
11000100
01111111
01000111
10001101
01111111
01010011
10010111
11110111
01111111
10110001
10000000
11000111
01000011
01101010
10010001
10000000
10000000
10000000
00101011
01110101
10001000
10000000
10000000
10000000
10000000
10000000
00001100
01111111
01111111
10000000
10000000
10000000
10101000
10000000
11111100
00000101
10000000
10000000
10011010
11111010
01111111
01111111
11010100
00001001
11100001
10000000
01110011
11101011
00000110
01111111
01111101
10110011
11111000
10100001
10000000
10101010
10100001
10000000
10000000
00010001
01110001
10011110
10000000
10000000
10000000
01111111
00111110
10000000
10000000
10000000
11010010
01100000
10000000
10000000
10000000
11010000
11100011
11000100
00011110
01110101
01111111
01111111
01111111
11110001
10110111
01111111
00001110
10100010
00010111
00010001
00001110
01111111
01100110
00111101
01111111
11111000
10000000
00001000
10010101
10011100
01101111
10000000
01000111
01111111
11010100
10000000
01111111
01000010
10011010
01111111
11011100
10000000
10100000
10000000
10000000
11010111
11110001
11110110
01111111
01111111
01111111
00001111
01111111
00011000
10000000
10000000
10101100
01111111
10110110
10000000
01001111
01111111
01011000
11001100
10000000
10000000
10000000
11100111
10110110
01000111
01111111
01111111
01111111
01111111
10000000
10000000
11101111
01001100
10111111
10000000
10000000
10000000
11101010
00100101
11000111
01111111
01111111
00101001
10000000
10011101
10101001
00100101
00010010
