-117
-24
-63
-128
-26
-14
-128
127
28
-128
-128
43
-117
35
127
127
-77
-128
-128
-26
46
127
24
-128
-128
-37
6
127
127
127
127
7
-32
127
127
127
93
-128
-128
119
127
127
127
39
78
127
62
-128
72
127
-68
-128
100
2
-128
127
125
-26
36
25
-128
-23
127
-35
-128
127
38
14
118
-128
-128
127
18
83
127
17
-128
-89
10
-128
45
-36
56
127
127
127
75
-128
-128
-128
-106
127
127
58
84
-63
-128
-34
127
-125
-64
127
-128
-128
-128
127
2
-128
-53
-128
63
127
127
127
43
-128
-128
-19
127
127
127
-128
-128
-128
-107
35
114
-128
-111
127
127
127
-51
-128
-128
127
127
127
127
127
64
-128
-128
-128
-116
9
2
-54
127
50
127
-40
-41
127
127
52
127
-7
-128
-128
-69
126
-128
77
96
-128
-128
-76
-128
-128
-128
-39
127
122
-128
31
-37
-128
-128
-10
-62
-128
-66
-128
-128
-27
103
-1
127
127
127
62
27
-128
-69
127
54
-128
-52
34
127
127
127
127
15
6
123
75
-128
25
127
28
-123
-128
-128
-128
-128
-128
-128
-128
-128
21
79
115
23
-116
16
-105
-82
127
127
-69
-128
-128
-128
-128
-126
99
127
61
83
127
101
-118
-7
127
127
127
-118
-128
18
127
110
127
127
127
27
-49
21
123
-9
-128
-128
124
-128
-128
69
81
127
-51
-128
-128
-128
20
76
-24
127
127
127
-30
42
70
-60
-18
-128
-128
-128
-79
127
-128
-128
-43
127
127
65
-62
-105
-128
-128
-128
-128
-128
-92
-10
-84
-116
-68
-128
-64
-128
23
101
-11
34
-34
41
4
-41
-105
127
21
-28
-45
-128
44
36
-47
127
77
-128
-101
-4
127
18
-128
-128
-128
-128
-47
13
-128
36
-2
-128
-128
44
127
-79
-69
127
118
127
102
-7
-104
-90
18
127
-9
-8
127
73
-40
17
111
127
-12
-128
40
58
66
127
127
127
127
-33
-128
-128
-128
-128
-52
-83
127
127
127
122
-118
-44
-54
-47
127
34
94
127
71
7
127
127
127
127
127
127
70
69
25
-128
108
127
127
-21
-116
-128
-62
-57
-128
-60
121
85
127
127
127
-21
-128
8
127
-82
-128
-128
105
127
-57
-128
127
-67
-128
-48
127
-22
18
-25
-128
127
127
127
-128
-128
-128
-128
-82
-71
-128
-119
127
127
39
-42
-88
-26
-128
-128
95
76
-128
12
127
24
-128
-128
59
127
123
-81
123
81
-13
127
-14
-128
-97
127
122
127
-48
-123
127
-6
127
127
41
-128
-128
-82
127
-67
-120
-128
-128
83
127
-77
-128
-128
-60
127
-9
-128
-128
-52
-128
-128
-128
-128
30
-81
18
127
-126
-128
-128
-11
127
107
-54
-98
-128
-128
-128
-128
-59
-128
-128
58
-103
-58
59
-26
-80
127
70
-11
127
127
90
-112
-128
26
127
8
-19
-16
-128
-128
-128
-54
127
20
-128
-128
-37
127
-122
-128
-56
-44
-128
-52
-9
-128
-103
127
0
-49
-89
-128
-128
-128
36
-48
-72
-55
-128
-128
61
-35
-128
-128
-128
1
23
-128
7
127
-51
-128
-128
-33
127
-55
-128
-128
-128
-128
-128
-128
-128
127
57
-89
-89
-85
-128
-128
-125
-128
-128
-3
-48
-4
127
28
41
127
127
127
-111
-71
-2
-128
-76
29
-128
-44
127
127
-109
-128
-128
127
52
-83
105
127
-119
-128
11
127
-128
-92
46
-128
-128
-128
127
84
-128
-128
-128
-128
-128
67
127
-53
-91
63
76
127
127
127
127
15
-128
-128
-37
-128
-128
127
127
127
-128
-20
127
127
17
-37
127
127
127
127
-19
-128
-52
-58
-124
-128
68
127
0
-128
127
127
106
127
127
127
88
-128
-128
0
-5
-128
-128
-128
-7
127
-124
5
-92
-128
-128
-8
-107
127
-14
-39
40
37
127
36
-128
-94
127
-62
-128
15
-65
-128
127
56
-10
98
-128
-128
-29
101
127
127
13
104
127
127
116
-128
14
127
-48
-128
48
-13
3
127
127
127
127
127
127
-21
-128
-69
0
-128
-128
-128
-93
120
-128
-87
6
-17
127
-15
-128
-99
127
111
-128
-128
-128
127
-37
-128
-128
127
127
127
127
109
-15
60
127
59
42
127
127
127
-128
-74
127
127
127
127
127
127
-29
-128
-128
-128
-128
-128
127
127
44
69
-50
-128
-128
-12
-128
-111
101
-128
-128
-128
11
14
27
127
127
3
-128
-128
-128
-128
92
-128
-62
127
127
73
88
-63
-128
127
25
-78
-68
-128
-128
-128
-128
-128
-60
127
71
-115
127
83
-105
-9
127
-79
-128
-57
67
106
-111
-128
-128
-128
43
117
-120
-128
-128
-128
-128
-128
12
127
127
-128
-128
-128
-88
-128
-4
5
-128
-128
-102
-6
127
127
-44
9
-31
-128
115
-21
6
127
125
-77
-8
-95
-128
-86
-95
-128
-128
17
113
-98
-128
-128
-128
127
62
-128
-128
-128
-46
96
-128
-128
-128
-48
-29
-60
30
117
127
127
127
-15
-73
127
14
-94
23
17
14
127
102
61
127
-8
-128
8
-107
-100
111
-128
71
127
-44
-128
127
66
-102
127
-36
-128
-96
-128
-128
-41
-15
-10
127
127
127
15
127
24
-128
-128
-84
127
-74
-128
79
127
88
-52
-128
-128
-128
-25
-74
71
127
127
127
127
-128
-128
-17
76
-65
-128
-128
-128
-22
37
-57
127
127
41
-128
-99
-87
37
18
