10001011
11101001
11000001
10000000
11100111
11110011
10000000
01111111
00011100
10000000
10000000
00101100
10001100
00100100
01111111
01111111
10110100
10000000
10000000
11100111
00101111
01111111
00011000
10000000
10000000
11011100
00000110
01111111
01111111
01111111
01111111
00000111
11100000
01111111
01111111
01111111
01011110
10000000
10000000
01110111
01111111
01111111
01111111
00100111
01001110
01111111
00111111
10000000
01001001
01111111
10111101
10000000
01100101
00000011
10000000
01111111
01111101
11100111
00100101
00011001
10000000
11101001
01111111
11011110
10000000
01111111
00100111
00001110
01110111
10000000
10000000
01111111
00010010
01010011
01111111
00010010
10000000
10101000
00001010
10000000
00101101
11011100
00111000
01111111
01111111
01111111
01001100
10000000
10000000
10000000
10010110
01111111
01111111
00111010
01010101
11000010
10000000
11011110
01111111
10000100
11000001
01111111
10000000
10000000
10000000
01111111
00000010
10000000
11001011
10000000
01000000
01111111
01111111
01111111
00101100
10000000
10000000
11101110
01111111
01111111
01111111
10000000
10000000
10000000
10010110
00100100
01110010
10000000
10010001
01111111
01111111
01111111
11001110
10000000
10000000
01111111
01111111
01111111
01111111
01111111
01000001
10000000
10000000
10000000
10001101
00001010
00000010
11001010
01111111
00110010
01111111
11011001
11010111
01111111
01111111
00110100
01111111
11111001
10000000
10000000
10111100
01111110
10000000
01001101
01100001
10000000
10000000
10110100
10000000
10000000
10000000
11011010
01111111
01111011
10000000
00011111
11011100
10000000
10000000
11110110
11000011
10000000
10111110
10000000
10000000
11100110
01101000
11111111
01111111
01111111
01111111
00111110
00011011
10000000
10111011
01111111
00110111
10000000
11001101
00100011
01111111
01111111
01111111
01111111
00010000
00000111
01111100
01001011
10000000
00011001
01111111
00011101
10000101
10000000
10000000
10000000
10000000
10000000
10000000
10000000
10000000
00010110
01010000
01110100
00010111
10001101
00010000
10011000
10101111
01111111
01111111
10111100
10000000
10000000
10000000
10000000
10000011
01100011
01111111
00111101
01010011
01111111
01100110
10001011
11111010
01111111
01111111
01111111
10001010
10000000
00010010
01111111
01101111
01111111
01111111
01111111
00011011
11010000
00010101
01111011
11111000
10000000
10000000
01111100
10000000
10000000
01000110
01010010
01111111
11001101
10000000
10000000
10000000
00010101
01001100
11101000
01111111
01111111
01111111
11100011
00101011
01000110
11000100
11101110
10000000
10000000
10000000
10110010
01111111
10000000
10000000
11010101
01111111
01111111
01000001
11000010
10010111
10000000
10000000
10000000
10000000
10000000
10100100
11110111
10101101
10001100
10111101
10000000
11000001
10000000
00011000
01100110
11110101
00100010
11011110
00101001
00000101
11011000
10010111
01111111
00010101
11100100
11010011
10000000
00101100
00100100
11010001
01111111
01001101
10000000
10011100
11111100
01111111
00010010
10000000
10000000
10000000
10000000
11010001
00001101
10000000
00100100
11111111
10000000
10000000
00101101
01111111
10110010
10111011
01111111
01110111
01111111
01100111
11111010
10011000
10100111
00010011
01111111
11110111
11111001
01111111
01001001
11011001
00010010
01110000
01111111
11110101
10000000
00101001
00111011
01000010
01111111
01111111
01111111
01111111
11011111
10000000
10000000
10000000
10000000
11001100
10101110
01111111
01111111
01111111
01111010
10001011
11010101
11001010
11010001
01111111
00100010
01011111
01111111
01001000
00001000
01111111
01111111
01111111
01111111
01111111
01111111
01000110
01000110
00011001
10000000
01101101
01111111
01111111
11101011
10001101
10000000
11000010
11000111
10000000
11000101
01111010
01010110
01111111
01111111
01111111
11101011
10000000
00001001
01111111
10101110
10000000
10000000
01101010
01111111
11001000
10000000
01111111
10111110
10000000
11010000
01111111
11101011
00010011
11101000
10000000
01111111
01111111
01111111
10000000
10000000
10000000
10000000
10101110
10111010
10000000
10001001
01111111
01111111
00101000
11010110
10101001
11100111
10000000
10000000
01011111
01001101
10000000
00001100
01111111
00011001
10000000
10000000
00111100
01111111
01111100
10110000
01111011
01010001
11110100
01111111
11110010
10000000
10011111
01111111
01111011
01111111
11010001
10000101
01111111
11111010
01111111
01111111
00101001
10000000
10000000
10101111
01111111
10111101
10001000
10000000
10000000
01010100
01111111
10110011
10000000
10000000
11000100
01111111
11111000
10000000
10000000
11001101
10000000
10000000
10000000
10000000
00011111
10110000
00010011
01111111
10000011
10000000
10000000
11110101
01111111
01101100
11001011
10011111
10000000
10000000
10000000
10000000
11000101
10000000
10000000
00111011
10011001
11000111
00111011
11100111
10110001
01111111
01000110
11110101
01111111
01111111
01011011
10010000
10000000
00011011
01111111
00001000
11101110
11110001
10000000
10000000
10000000
11001011
01111111
00010100
10000000
10000000
11011011
01111111
10000110
10000000
11001000
11010100
10000000
11001101
11111000
10000000
10011010
01111111
00000001
11001111
10100111
10000000
10000000
10000000
00100101
11010000
10111000
11001010
10000000
10000000
00111101
11011110
10000000
10000000
10000000
00000010
00011000
10000000
00001000
01111111
11001110
10000000
10000000
11011111
01111111
11001001
10000000
10000000
10000000
10000000
10000000
10000000
10000000
01111111
00111001
10101000
10101000
10101100
10000000
10000000
10000100
10000000
10000000
11111110
11010001
11111100
01111111
00011101
00101001
01111111
01111111
01111111
10010001
10111001
11111111
10000000
10110100
00011101
10000000
11010100
01111111
01111111
10010011
10000000
10000000
01111111
00110101
10101110
01101010
01111111
10001001
10000000
00001100
01111111
10000000
10100100
00101111
10000000
10000000
10000000
01111111
01010100
10000000
10000000
10000000
10000000
10000000
01000100
01111111
11001100
10100110
00111111
01001100
01111111
01111111
01111111
01111111
00001111
10000000
10000000
11011011
10000000
10000000
01111111
01111111
01111111
10000000
11101100
01111111
01111111
00010001
11011100
01111111
01111111
01111111
01111111
11101101
10000000
11001100
11000111
10000101
10000000
01000101
01111111
00000001
10000000
01111111
01111111
01101010
01111111
01111111
01111111
01011001
10000000
10000000
00000001
11111100
10000000
10000000
10000000
11111001
01111111
10000101
00000110
10100100
10000000
10000000
11111000
10010110
01111111
11110011
11011001
00101001
00100110
01111111
00100101
10000000
10100010
01111111
11000010
10000000
00010000
11000000
10000000
01111111
00111000
11110111
01100011
10000000
10000000
11100100
01100101
01111111
01111111
00001110
01101000
01111111
01111111
01110101
10000000
00001110
01111111
11010000
10000000
00110000
11110011
00000100
01111111
01111111
01111111
01111111
01111111
01111111
11101011
10000000
10111011
00000001
10000000
10000000
10000000
10100011
01111001
10000000
10101010
00000111
11101111
01111111
11110001
10000000
10011110
01111111
01101111
10000000
10000000
10000000
01111111
11011011
10000000
10000000
01111111
01111111
01111111
01111111
01101110
11110001
00111101
01111111
00111011
00101011
01111111
01111111
01111111
10000000
10110111
01111111
01111111
01111111
01111111
01111111
01111111
11100100
10000000
10000000
10000000
10000000
10000000
01111111
01111111
00101101
01000101
11001111
10000000
10000000
11110101
10000000
10010001
01100110
10000000
10000000
10000000
00001011
00001111
00011011
01111111
01111111
00000011
10000000
10000000
10000000
10000000
01011100
10000000
11000010
01111111
01111111
01001001
01011001
11000010
10000000
01111111
00011010
10110011
10111101
10000000
10000000
10000000
10000000
10000000
11000100
01111111
01000111
10001101
01111111
01010100
10011000
11111000
01111111
10110001
10000000
11001000
01000100
01101010
10010010
10000000
10000000
10000000
00101100
01110110
10001001
10000000
10000000
10000000
10000000
10000000
00001101
01111111
01111111
10000000
10000000
10000000
10101000
10000000
11111100
00000110
10000000
10000000
10011010
11111010
01111111
01111111
11010100
00001010
11100001
10000000
01110100
11101100
00000110
01111111
01111101
10110100
11111001
10100001
10000000
10101010
10100001
10000000
10000000
00010010
01110001
10011111
10000000
10000000
10000000
01111111
00111110
10000000
10000000
10000000
11010011
01100000
10000000
10000000
10000000
11010000
11100100
11000100
00011111
01110101
01111111
01111111
01111111
11110010
10111000
01111111
00001111
10100011
00011000
00010010
00001110
01111111
01100111
00111110
01111111
11111000
10000000
00001000
10010101
10011100
01110000
10000000
01001000
01111111
11010100
10000000
01111111
01000010
10011011
01111111
11011101
10000000
10100000
10000000
10000000
11010111
11110010
11110110
01111111
01111111
01111111
00010000
01111111
00011001
10000000
10000000
10101100
01111111
10110111
10000000
01001111
01111111
01011001
11001101
10000000
10000000
10000000
11101000
10110110
01001000
01111111
01111111
01111111
01111111
10000000
10000000
11101111
01001100
11000000
10000000
10000000
10000000
11101010
00100110
11000111
01111111
01111111
00101001
10000000
10011110
10101001
00100101
00010010
