-117
-23
-63
-128
-25
-13
-128
127
28
-128
-128
44
-116
36
127
127
-76
-128
-128
-25
47
127
24
-128
-128
-36
6
127
127
127
127
7
-32
127
127
127
94
-128
-128
119
127
127
127
39
78
127
63
-128
73
127
-67
-128
101
3
-128
127
125
-25
37
25
-128
-23
127
-34
-128
127
39
14
119
-128
-128
127
18
83
127
18
-128
-88
10
-128
45
-36
56
127
127
127
76
-128
-128
-128
-106
127
127
58
85
-62
-128
-34
127
-124
-63
127
-128
-128
-128
127
2
-128
-53
-128
64
127
127
127
44
-128
-128
-18
127
127
127
-128
-128
-128
-106
36
114
-128
-111
127
127
127
-50
-128
-128
127
127
127
127
127
65
-128
-128
-128
-115
10
2
-54
127
50
127
-39
-41
127
127
52
127
-7
-128
-128
-68
126
-128
77
97
-128
-128
-76
-128
-128
-128
-38
127
123
-128
31
-36
-128
-128
-10
-61
-128
-66
-128
-128
-26
104
-1
127
127
127
62
27
-128
-69
127
55
-128
-51
35
127
127
127
127
16
7
124
75
-128
25
127
29
-123
-128
-128
-128
-128
-128
-128
-128
-128
22
80
116
23
-115
16
-104
-81
127
127
-68
-128
-128
-128
-128
-125
99
127
61
83
127
102
-117
-6
127
127
127
-118
-128
18
127
111
127
127
127
27
-48
21
123
-8
-128
-128
124
-128
-128
70
82
127
-51
-128
-128
-128
21
76
-24
127
127
127
-29
43
70
-60
-18
-128
-128
-128
-78
127
-128
-128
-43
127
127
65
-62
-105
-128
-128
-128
-128
-128
-92
-9
-83
-116
-67
-128
-63
-128
24
102
-11
34
-34
41
5
-40
-105
127
21
-28
-45
-128
44
36
-47
127
77
-128
-100
-4
127
18
-128
-128
-128
-128
-47
13
-128
36
-1
-128
-128
45
127
-78
-69
127
119
127
103
-6
-104
-89
19
127
-9
-7
127
73
-39
18
112
127
-11
-128
41
59
66
127
127
127
127
-33
-128
-128
-128
-128
-52
-82
127
127
127
122
-117
-43
-54
-47
127
34
95
127
72
8
127
127
127
127
127
127
70
70
25
-128
109
127
127
-21
-115
-128
-62
-57
-128
-59
122
86
127
127
127
-21
-128
9
127
-82
-128
-128
106
127
-56
-128
127
-66
-128
-48
127
-21
19
-24
-128
127
127
127
-128
-128
-128
-128
-82
-70
-128
-119
127
127
40
-42
-87
-25
-128
-128
95
77
-128
12
127
25
-128
-128
60
127
124
-80
123
81
-12
127
-14
-128
-97
127
123
127
-47
-123
127
-6
127
127
41
-128
-128
-81
127
-67
-120
-128
-128
84
127
-77
-128
-128
-60
127
-8
-128
-128
-51
-128
-128
-128
-128
31
-80
19
127
-125
-128
-128
-11
127
108
-53
-97
-128
-128
-128
-128
-59
-128
-128
59
-103
-57
59
-25
-79
127
70
-11
127
127
91
-112
-128
27
127
8
-18
-15
-128
-128
-128
-53
127
20
-128
-128
-37
127
-122
-128
-56
-44
-128
-51
-8
-128
-102
127
1
-49
-89
-128
-128
-128
37
-48
-72
-54
-128
-128
61
-34
-128
-128
-128
2
24
-128
8
127
-50
-128
-128
-33
127
-55
-128
-128
-128
-128
-128
-128
-128
127
57
-88
-88
-84
-128
-128
-124
-128
-128
-2
-47
-4
127
29
41
127
127
127
-111
-71
-1
-128
-76
29
-128
-44
127
127
-109
-128
-128
127
53
-82
106
127
-119
-128
12
127
-128
-92
47
-128
-128
-128
127
84
-128
-128
-128
-128
-128
68
127
-52
-90
63
76
127
127
127
127
15
-128
-128
-37
-128
-128
127
127
127
-128
-20
127
127
17
-36
127
127
127
127
-19
-128
-52
-57
-123
-128
69
127
1
-128
127
127
106
127
127
127
89
-128
-128
1
-4
-128
-128
-128
-7
127
-123
6
-92
-128
-128
-8
-106
127
-13
-39
41
38
127
37
-128
-94
127
-62
-128
16
-64
-128
127
56
-9
99
-128
-128
-28
101
127
127
14
104
127
127
117
-128
14
127
-48
-128
48
-13
4
127
127
127
127
127
127
-21
-128
-69
1
-128
-128
-128
-93
121
-128
-86
7
-17
127
-15
-128
-98
127
111
-128
-128
-128
127
-37
-128
-128
127
127
127
127
110
-15
61
127
59
43
127
127
127
-128
-73
127
127
127
127
127
127
-28
-128
-128
-128
-128
-128
127
127
45
69
-49
-128
-128
-11
-128
-111
102
-128
-128
-128
11
15
27
127
127
3
-128
-128
-128
-128
92
-128
-62
127
127
73
89
-62
-128
127
26
-77
-67
-128
-128
-128
-128
-128
-60
127
71
-115
127
84
-104
-8
127
-79
-128
-56
68
106
-110
-128
-128
-128
44
118
-119
-128
-128
-128
-128
-128
13
127
127
-128
-128
-128
-88
-128
-4
6
-128
-128
-102
-6
127
127
-44
10
-31
-128
116
-20
6
127
125
-76
-7
-95
-128
-86
-95
-128
-128
18
113
-97
-128
-128
-128
127
62
-128
-128
-128
-45
96
-128
-128
-128
-48
-28
-60
31
117
127
127
127
-14
-72
127
15
-93
24
18
14
127
103
62
127
-8
-128
8
-107
-100
112
-128
72
127
-44
-128
127
66
-101
127
-35
-128
-96
-128
-128
-41
-14
-10
127
127
127
16
127
25
-128
-128
-84
127
-73
-128
79
127
89
-51
-128
-128
-128
-24
-74
72
127
127
127
127
-128
-128
-17
76
-64
-128
-128
-128
-22
38
-57
127
127
41
-128
-98
-87
37
18
