-67
63
-108
-81
78
-97
-14
91
-88
-90
20
2
-69
99
80
9
-54
-72
3
-18
47
26
-16
-83
-21
3
0
115
78
69
55
-59
49
88
42
65
-21
-59
-15
85
20
76
78
-67
121
125
-54
-54
103
109
-110
-26
87
-98
32
72
-11
-2
23
-12
-120
124
85
-117
-7
127
-70
88
-33
-89
15
114
-67
124
56
-54
-110
75
-80
-16
44
-71
113
90
123
77
-45
-86
-121
-123
80
92
-28
65
-26
-6
-87
80
19
-93
70
5
-127
-81
8
84
-95
-2
-28
-55
99
30
80
89
-77
-125
-26
19
124
125
-14
-59
-106
1
-62
91
-39
-46
-11
91
115
21
-53
-102
19
121
77
32
47
54
-25
-106
-50
-29
-33
43
-48
24
53
-32
115
-101
92
119
54
-32
119
-87
-114
-113
90
-31
-42
92
-50
-125
-25
-15
-108
-75
-22
3
126
-21
-52
77
-109
4
-103
112
-110
23
-64
-78
-100
99
-54
61
88
62
10
24
-12
-66
36
106
-37
-66
46
-33
125
106
74
-8
18
-17
90
-60
-26
44
23
-10
-59
-124
-108
-119
-107
-82
-41
-58
-97
123
-42
114
-64
7
1
-61
23
76
48
-94
-115
-44
-55
-54
-10
68
111
-39
92
77
-30
-33
34
69
84
-3
-64
-62
81
28
31
99
26
102
-48
27
-19
92
-110
-126
40
25
-112
19
18
26
54
-91
-2
-97
-59
79
-47
40
70
93
64
-90
127
-52
25
-39
-95
-4
-84
51
22
-119
-19
-3
126
91
-67
41
-107
-119
-112
-32
-94
-25
-24
22
-73
17
-58
-9
-26
-67
90
-45
45
-32
17
4
-2
-21
-36
119
-71
65
-100
1
24
-7
-19
98
-68
-24
-30
32
43
-39
-100
-35
-53
-111
100
-107
17
1
-2
-75
-4
30
114
-122
100
12
54
109
-13
11
-72
31
-25
112
-80
87
53
-19
-1
11
51
109
-78
-13
38
-10
49
99
112
119
21
-43
-115
-116
-101
30
-64
26
79
3
81
-23
-41
22
-56
37
101
-43
103
83
-54
66
51
33
37
34
43
98
-72
122
-72
-49
118
109
20
-35
-26
-95
73
-116
-119
102
6
42
118
15
77
-100
-37
47
114
-124
-99
-40
106
103
-97
4
106
-106
-73
56
124
-101
126
-105
37
63
53
44
-128
-42
-65
-63
25
-69
-92
37
99
-11
35
-64
23
-41
-107
-12
68
-34
-50
64
91
-90
-82
-77
122
87
-29
-13
85
-51
51
76
-95
-59
12
90
-33
111
-101
45
24
-31
115
115
-55
-82
-117
87
19
-60
0
-105
-37
90
62
-115
-34
-79
56
42
-53
-125
-46
23
-128
-31
-80
16
-1
-45
62
2
-74
-28
-65
68
51
3
-34
-17
-63
-53
-62
-34
5
-123
59
-34
-20
-10
45
-66
30
127
-52
53
16
110
-21
-40
-69
94
94
-103
107
-78
-62
-107
3
-34
123
-76
-60
-128
125
-12
-56
-119
104
-91
-81
63
-77
-102
58
43
-49
28
-83
-11
-95
-58
87
-127
104
-97
-124
47
-19
2
-105
-66
-57
66
-62
-55
67
64
-102
-52
-90
84
116
-111
-41
-106
-39
-127
-98
-82
-7
110
-40
-5
-45
3
-115
48
-126
-117
-25
27
-58
64
86
-82
117
106
88
-3
-60
28
-33
-59
24
-11
-86
73
107
53
-123
-119
27
105
-37
-5
66
14
-84
-94
114
-2
-116
80
-65
-123
-123
42
106
-20
-58
-49
-91
-103
-11
51
83
-125
91
-68
121
82
100
60
87
-91
-91
-29
12
-97
16
101
100
25
-116
121
35
81
-83
74
0
108
93
114
-88
22
-55
30
-105
28
7
114
-77
1
112
3
57
82
2
94
-57
-113
-82
94
-110
-74
-6
-78
85
-19
-49
59
-120
-127
38
-48
-6
122
-94
85
-74
106
48
-34
-124
88
66
-111
-23
35
-77
4
98
-80
86
-42
-81
-37
26
28
98
54
-54
121
78
67
-10
-64
81
74
-112
-40
73
-91
106
57
74
70
72
86
-1
-11
-109
85
-97
-39
-114
-100
61
-1
-109
75
-82
84
-19
13
-128
90
87
-36
-65
-101
30
89
-123
-116
27
78
82
62
53
2
-11
47
46
-19
46
119
112
18
-105
78
72
38
118
39
99
-30
18
-117
-116
16
-117
3
118
-4
30
5
-34
-98
38
-50
-123
77
-30
-100
-88
-83
101
-54
77
52
68
-76
-109
-22
-119
25
24
-101
80
105
104
-24
78
-125
40
116
-65
30
-73
-44
-120
-6
-94
-9
-24
123
-47
-12
124
-41
-13
10
112
-120
-44
18
18
40
-109
-27
-83
-58
91
-37
-26
-99
-75
-72
-86
-69
86
87
-22
-81
-115
11
-63
-101
113
-73
-126
25
-87
96
61
62
-96
115
-96
20
43
-61
73
108
1
-45
47
-108
-29
-16
-36
-107
-56
74
-20
-33
-125
-128
33
123
-52
-105
-104
-120
111
-19
-111
-111
-46
25
-45
17
-2
69
45
113
103
-73
42
71
-73
30
-21
34
-31
109
-13
50
51
-63
-88
105
-128
89
-38
-30
75
54
-87
17
88
-63
14
125
-110
49
-111
-71
-123
117
-89
96
-24
126
-9
19
127
-78
-115
-56
16
69
-121
-35
85
11
38
-73
-24
-61
-35
26
-72
123
68
52
49
27
-104
-104
109
-28
-5
-86
-67
-74
72
-61
37
38
94
-84
11
-69
29
-12
24
-22
