-117
-24
-63
-128
-25
-14
-128
127
28
-128
-128
44
-117
35
127
127
-76
-128
-128
-25
46
127
24
-128
-128
-37
6
127
127
127
127
7
-32
127
127
127
93
-128
-128
119
127
127
127
39
78
127
63
-128
72
127
-67
-128
100
3
-128
127
125
-25
36
25
-128
-23
127
-35
-128
127
39
14
118
-128
-128
127
18
83
127
18
-128
-89
10
-128
45
-36
56
127
127
127
75
-128
-128
-128
-106
127
127
58
85
-62
-128
-34
127
-125
-63
127
-128
-128
-128
127
2
-128
-53
-128
63
127
127
127
43
-128
-128
-19
127
127
127
-128
-128
-128
-106
35
114
-128
-111
127
127
127
-51
-128
-128
127
127
127
127
127
64
-128
-128
-128
-116
9
2
-54
127
50
127
-40
-41
127
127
52
127
-7
-128
-128
-68
126
-128
77
97
-128
-128
-76
-128
-128
-128
-39
127
122
-128
31
-37
-128
-128
-10
-61
-128
-66
-128
-128
-27
104
-1
127
127
127
62
27
-128
-69
127
54
-128
-51
34
127
127
127
127
16
6
124
75
-128
25
127
29
-123
-128
-128
-128
-128
-128
-128
-128
-128
21
80
116
23
-116
16
-105
-82
127
127
-68
-128
-128
-128
-128
-125
99
127
61
83
127
102
-118
-6
127
127
127
-118
-128
18
127
110
127
127
127
27
-49
21
123
-8
-128
-128
124
-128
-128
70
82
127
-51
-128
-128
-128
20
76
-24
127
127
127
-29
42
70
-60
-18
-128
-128
-128
-79
127
-128
-128
-43
127
127
65
-62
-105
-128
-128
-128
-128
-128
-92
-9
-84
-116
-67
-128
-63
-128
24
101
-11
34
-34
41
5
-41
-105
127
21
-28
-45
-128
44
36
-47
127
77
-128
-100
-4
127
18
-128
-128
-128
-128
-47
13
-128
36
-1
-128
-128
45
127
-78
-69
127
119
127
102
-7
-104
-90
18
127
-9
-8
127
73
-40
17
111
127
-11
-128
41
59
66
127
127
127
127
-33
-128
-128
-128
-128
-52
-82
127
127
127
122
-118
-43
-54
-47
127
34
94
127
72
8
127
127
127
127
127
127
70
70
25
-128
109
127
127
-21
-115
-128
-62
-57
-128
-59
122
86
127
127
127
-21
-128
8
127
-82
-128
-128
106
127
-57
-128
127
-66
-128
-48
127
-22
19
-25
-128
127
127
127
-128
-128
-128
-128
-82
-71
-128
-119
127
127
39
-42
-88
-26
-128
-128
95
77
-128
12
127
25
-128
-128
60
127
123
-81
123
81
-13
127
-14
-128
-97
127
122
127
-48
-123
127
-6
127
127
41
-128
-128
-82
127
-67
-120
-128
-128
84
127
-77
-128
-128
-60
127
-9
-128
-128
-52
-128
-128
-128
-128
30
-81
19
127
-125
-128
-128
-11
127
107
-53
-98
-128
-128
-128
-128
-59
-128
-128
59
-103
-57
59
-25
-79
127
70
-11
127
127
90
-112
-128
27
127
8
-19
-15
-128
-128
-128
-53
127
20
-128
-128
-37
127
-122
-128
-56
-44
-128
-52
-9
-128
-102
127
0
-49
-89
-128
-128
-128
36
-48
-72
-55
-128
-128
61
-34
-128
-128
-128
2
24
-128
7
127
-50
-128
-128
-33
127
-55
-128
-128
-128
-128
-128
-128
-128
127
57
-89
-89
-85
-128
-128
-124
-128
-128
-3
-47
-4
127
29
41
127
127
127
-111
-71
-2
-128
-76
29
-128
-44
127
127
-109
-128
-128
127
52
-83
106
127
-119
-128
12
127
-128
-92
46
-128
-128
-128
127
84
-128
-128
-128
-128
-128
67
127
-53
-91
63
76
127
127
127
127
15
-128
-128
-37
-128
-128
127
127
127
-128
-20
127
127
17
-36
127
127
127
127
-19
-128
-52
-57
-124
-128
68
127
0
-128
127
127
106
127
127
127
88
-128
-128
1
-4
-128
-128
-128
-7
127
-124
5
-92
-128
-128
-8
-106
127
-13
-39
41
38
127
37
-128
-94
127
-62
-128
15
-65
-128
127
56
-9
99
-128
-128
-28
101
127
127
14
104
127
127
117
-128
14
127
-48
-128
48
-13
4
127
127
127
127
127
127
-21
-128
-69
0
-128
-128
-128
-93
120
-128
-87
7
-17
127
-15
-128
-98
127
111
-128
-128
-128
127
-37
-128
-128
127
127
127
127
110
-15
60
127
59
43
127
127
127
-128
-73
127
127
127
127
127
127
-28
-128
-128
-128
-128
-128
127
127
45
69
-49
-128
-128
-11
-128
-111
102
-128
-128
-128
11
15
27
127
127
3
-128
-128
-128
-128
92
-128
-62
127
127
73
89
-63
-128
127
25
-77
-68
-128
-128
-128
-128
-128
-60
127
71
-115
127
83
-105
-8
127
-79
-128
-56
68
106
-111
-128
-128
-128
43
117
-119
-128
-128
-128
-128
-128
13
127
127
-128
-128
-128
-88
-128
-4
5
-128
-128
-102
-6
127
127
-44
9
-31
-128
115
-21
6
127
125
-77
-8
-95
-128
-86
-95
-128
-128
18
113
-98
-128
-128
-128
127
62
-128
-128
-128
-46
96
-128
-128
-128
-48
-29
-60
31
117
127
127
127
-15
-72
127
14
-93
23
18
14
127
102
62
127
-8
-128
8
-107
-100
112
-128
71
127
-44
-128
127
66
-101
127
-35
-128
-96
-128
-128
-41
-15
-10
127
127
127
15
127
25
-128
-128
-84
127
-74
-128
79
127
89
-52
-128
-128
-128
-24
-74
71
127
127
127
127
-128
-128
-17
76
-65
-128
-128
-128
-22
37
-57
127
127
41
-128
-99
-87
37
18
10
